-2.982801 0.475530 0.042461
-3.162790 0.207041 0.059760
-2.770383 0.387772 0.044691
-2.630569 0.235138 0.049033
-2.702372 0.268560 0.047316
-2.727052 0.392934 0.045802
-3.479578 0.748419 0.047686
-2.889790 0.480711 0.045411
-2.725341 0.230582 0.048669
-2.904652 0.293043 0.050577
-3.846341 0.905856 0.047419
-3.105702 0.495215 0.046761
-3.160479 0.386699 0.047493
-2.650124 0.377335 0.043804
-2.906010 0.457487 0.042464
-3.092354 0.436322 0.049866
-3.094794 0.584070 0.045055
-2.544629 0.369408 0.039311
-3.321862 0.677683 0.044142
-3.109736 0.603144 0.045257
-3.402069 0.545760 0.053206
-2.857048 0.395155 0.047773
-3.235696 0.584209 0.046251
-2.918567 0.323970 0.051379
-3.434055 0.588946 0.050634
-3.049542 0.393654 0.050814
-2.844996 0.248856 0.051737
-3.989550 0.821267 0.058210
-3.099460 0.653335 0.044566
-2.756658 0.522436 0.038225
