-3.081495 0.454253 0.049100
-3.228544 0.469887 0.050334
-2.997650 0.340185 0.050856
-3.370584 0.552303 0.051241
-3.439498 0.653952 0.049420
-3.464568 0.620273 0.050939
-3.692449 0.740843 0.054362
-3.360405 0.505468 0.049577
-3.219964 0.646456 0.043256
-3.057890 0.345357 0.053605
-3.266937 0.700254 0.046859
-2.813086 0.315583 0.046879
-2.931679 0.402012 0.048057
-3.470478 0.738099 0.048040
-3.416678 0.548696 0.051550
-3.047599 0.451588 0.047009
-3.068369 0.453242 0.048147
-3.326371 0.529869 0.049054
-3.382878 0.602039 0.048650
-3.267237 0.570904 0.046139
-3.440349 0.715925 0.048476
-3.188718 0.548425 0.051982
-3.419048 0.714687 0.046669
-3.198580 0.550730 0.048380
-3.066705 0.606201 0.045262
-2.906992 0.352749 0.046214
-3.028548 0.392133 0.048711
-3.361710 0.532094 0.051861
-2.998467 0.465395 0.045651
-2.529164 0.247779 0.046160
