-1.536155 0.208120 0.011470
-1.652385 0.124772 0.019934
-1.826708 0.237743 0.017265
-1.699668 0.128196 0.017968
-1.370984 0.248126 0.006227
-1.488996 0.026053 0.016902
-1.670108 0.295697 0.011629
-1.144717 -0.054460 0.011745
-1.790343 0.189532 0.017606
-1.141005 -0.024726 0.011885
-1.465517 -0.003499 0.017950
-1.768951 0.109398 0.022553
-1.305034 0.014513 0.014452
-0.954264 -0.125285 0.013463
-2.026207 0.538848 0.013404
-1.891352 0.325683 0.015367
-1.851961 0.252617 0.015403
-1.581238 0.124055 0.016442
-1.519419 0.131350 0.015303
-1.749046 0.184406 0.019547
-1.537339 0.179194 0.013252
-1.602259 0.239832 0.015995
-1.714723 0.146912 0.018755
-1.760247 0.328559 0.015405
-1.499390 0.083154 0.019830
-1.616229 0.265788 0.011529
-1.585063 0.218396 0.012610
-1.486319 0.167732 0.012970
-1.793630 0.316336 0.011856
-1.305537 0.062029 0.010745
