-3.848256 0.737071 0.055753
-3.374818 0.617126 0.050631
-3.342508 0.595461 0.049709
-3.030467 0.513847 0.046148
-3.770064 0.686192 0.058763
-2.542628 0.238599 0.044364
-2.919375 0.353150 0.049669
-3.698520 0.695156 0.057022
-3.051941 0.325061 0.049182
-3.547721 0.357362 0.063200
-3.274390 0.614001 0.048394
-3.580654 0.642694 0.047693
-3.172623 0.414977 0.052559
-3.328592 0.564521 0.054340
-3.192155 0.446139 0.051930
-2.881219 0.311217 0.047261
-3.038221 0.343596 0.052166
-2.854868 0.468712 0.043869
-2.752405 0.377083 0.044186
-2.925962 0.572160 0.045735
-2.782682 0.294092 0.050056
-3.412112 0.519211 0.052192
-3.612927 0.740159 0.051018
-3.126956 0.552031 0.046450
-2.705617 0.189017 0.049575
-3.183957 0.557297 0.049717
-2.678804 0.416093 0.042320
-3.412540 0.639539 0.051676
-2.920568 0.304365 0.051648
-3.205775 0.569380 0.048711
-2.634238 0.404870 0.038696
-3.037342 0.373377 0.049441
-3.262865 0.584690 0.050454
-3.095157 0.427111 0.049867
-3.536776 0.610820 0.052383
-3.513077 0.550126 0.053661
-3.277040 0.632449 0.047660
-3.341589 0.676634 0.047241
-3.583983 0.681950 0.051770
-2.951372 0.375201 0.051195
-3.070958 0.623727 0.045522
-3.154786 0.500969 0.046949
-2.203621 0.104230 0.038693
-3.721295 0.669786 0.060945
-3.067415 0.509840 0.045361
-3.239543 0.535832 0.052728
-3.048542 0.515083 0.048159
