-1.708374 0.098498 0.020550
-2.056686 0.437278 0.015032
-1.349277 0.099032 0.013262
-1.402553 0.209190 0.010419
-1.343809 0.160616 0.012687
-1.396151 0.157151 0.010315
-1.958210 0.338093 0.016625
-1.735594 0.089931 0.020092
-1.504639 0.234744 0.009743
-1.204283 0.095889 0.010452
-1.441006 0.175884 0.011387
-1.681816 0.312764 0.015614
-1.096258 0.095252 0.005775
-1.829409 0.247130 0.017073
-1.239959 0.116596 0.008026
-1.365567 0.154482 0.011237
-1.882070 0.280840 0.020009
-1.832037 0.300685 0.016211
-1.524527 0.166676 0.015860
-1.654579 0.323906 0.009720
-1.518487 0.093537 0.017247
-1.792823 0.232929 0.018528
-1.692291 0.232033 0.014449
-1.568435 0.113770 0.017244
-1.773184 0.251557 0.016830
-2.003744 0.389209 0.015210
-1.551710 0.177297 0.015483
-1.740116 0.216505 0.015380
-1.851089 0.279112 0.019464
-1.807086 0.286356 0.017989
