-2.844574 0.227905 0.050397
-3.321810 0.690561 0.047625
-3.396200 0.664312 0.050916
-2.875180 0.330379 0.046902
-2.564628 0.192180 0.049317
-3.173702 0.444237 0.051814
-3.034272 0.533466 0.044167
-3.419013 0.678085 0.048584
-3.104925 0.654639 0.043750
-3.196533 0.540293 0.051141
-3.828653 0.817561 0.052555
-2.880684 0.425177 0.046981
-3.651328 0.615157 0.055198
-3.052553 0.515328 0.049198
-2.864927 0.423679 0.046902
-3.316401 0.620336 0.047736
-3.383109 0.671053 0.051672
-3.150006 0.463369 0.046849
-2.806990 0.334299 0.047448
-3.344445 0.538731 0.053181
-3.276918 0.444788 0.054525
-3.141659 0.518294 0.046150
-2.960698 0.553003 0.041374
-3.525946 0.712981 0.047847
-2.611900 0.310106 0.042182
-3.648677 0.671171 0.054365
-2.984615 0.563633 0.042347
-3.009845 0.437947 0.047625
-2.989629 0.388201 0.051880
-3.230323 0.545018 0.049369
-2.993766 0.518914 0.045338
-2.952997 0.235066 0.052468
-2.721591 0.279859 0.048768
-3.860668 0.640840 0.060878
-3.411682 0.630716 0.051240
-3.100006 0.475511 0.047763
-3.183291 0.665777 0.043673
-3.166253 0.344468 0.054901
-3.079324 0.554291 0.048244
-3.623645 0.742371 0.050580
-2.829254 0.383373 0.047646
-3.386953 0.699644 0.048146
-3.700654 0.667316 0.058130
-3.604573 0.738361 0.051504
-3.082916 0.463382 0.050474
-2.823268 0.266989 0.046895
-3.434928 0.569316 0.052143
-3.435892 0.606487 0.051855
