-3.327010 0.508073 0.054501
-2.886393 0.350581 0.047286
-3.386830 0.692993 0.046395
-3.548496 0.736821 0.046171
-3.222270 0.459126 0.051417
-3.324116 0.647579 0.047864
-2.594684 0.374094 0.039059
-3.279227 0.606634 0.047441
-3.011992 0.438439 0.047042
-3.060489 0.423847 0.049034
-3.380051 0.599221 0.051559
-3.209271 0.632510 0.046813
-3.499880 0.537162 0.057623
-3.056209 0.432554 0.050268
-3.101854 0.539651 0.047053
-3.299180 0.458666 0.050515
-3.614773 0.720112 0.054859
-3.305985 0.580712 0.051382
-3.451121 0.638195 0.049152
-3.141352 0.525649 0.048478
-3.312274 0.609253 0.049836
-3.086956 0.407494 0.048897
-3.226139 0.507252 0.050254
-3.057070 0.335274 0.053532
-2.896785 0.472723 0.044895
-2.636669 0.302658 0.042148
-3.289350 0.589605 0.048152
-3.836419 0.949397 0.049079
-2.629734 0.173765 0.046067
-3.245108 0.735421 0.041896
