-1.042962 -0.090439 0.012601
-1.440683 0.006018 0.016952
-2.081746 0.437484 0.013805
-1.593034 0.150777 0.017750
-1.210887 -0.033355 0.014499
-2.115609 0.378258 0.020884
-1.689250 0.068937 0.020260
-1.837979 0.330228 0.014614
-1.788045 0.399123 0.013859
-1.377855 0.108686 0.013822
-2.037104 0.426365 0.017586
-1.549433 0.219247 0.016187
-1.589718 0.144542 0.014611
-1.580166 0.198977 0.013633
-1.169033 0.013085 0.011310
-1.861017 0.320417 0.016176
-1.259747 -0.041981 0.016756
-1.378239 -0.023686 0.016863
-1.345131 0.052757 0.014507
-1.796038 0.275195 0.014687
-1.629096 0.237123 0.013652
-1.517713 0.169167 0.013265
-1.322137 0.107332 0.012780
-2.025840 0.347580 0.016082
-2.095840 0.408417 0.020981
-1.387851 0.173627 0.010750
-1.711363 0.242363 0.014401
-1.878514 0.323796 0.019262
-1.024206 0.011829 0.008404
-1.884584 0.162411 0.021966
