1	1	0	0	1	73
1	2	0	0	2	75
1	3	0	0	2	46
1	4	1	2	1	43
1	5	1	2	2	40
1	6	0	0	1	46
1	7	1	2	2	40
1	8	0	0	1	43
1	9	1	2	2	47
1	10	0	0	1	51
1	11	4	3	2	18
1	12	4	3	1	21
1	13	4	3	1	15
1	14	6	5	2	15
1	15	6	5	1	12
1	16	6	5	2	9
1	17	8	7	1	13
1	18	8	7	2	17
1	19	10	9	2	24
1	20	10	9	1	21
1	21	10	9	2	18
1	22	10	9	1	14
2	23	0	0	1	73
2	24	0	0	2	75
2	25	0	0	2	46
2	26	23	24	1	43
2	27	23	24	2	40
2	28	0	0	1	46
2	29	23	24	2	40
2	30	0	0	1	43
2	31	23	24	2	47
2	32	0	0	1	51
2	33	26	25	2	18
2	34	26	25	1	21
2	35	26	25	1	15
2	36	28	27	2	15
2	37	28	27	1	12
2	38	28	27	2	9
2	39	30	29	1	13
2	40	30	29	2	17
2	41	32	31	2	24
2	42	32	31	1	21
2	43	32	31	2	18
2	44	32	31	1	14
3	45	0	0	1	73
3	46	0	0	2	75
3	47	0	0	2	46
3	48	45	46	1	43
3	49	45	46	2	40
3	50	0	0	1	46
3	51	45	46	2	40
3	52	0	0	1	43
3	53	45	46	2	47
3	54	0	0	1	51
3	55	48	47	2	18
3	56	48	47	1	21
3	57	48	47	1	15
3	58	50	49	2	15
3	59	50	49	1	12
3	60	50	49	2	9
3	61	52	51	1	13
3	62	52	51	2	17
3	63	54	53	2	24
3	64	54	53	1	21
3	65	54	53	2	18
3	66	54	53	1	14
4	67	0	0	1	73
4	68	0	0	2	75
4	69	0	0	2	46
4	70	67	68	1	43
4	71	67	68	2	40
4	72	0	0	1	46
4	73	67	68	2	40
4	74	0	0	1	43
4	75	67	68	2	47
4	76	0	0	1	51
4	77	70	69	2	18
4	78	70	69	1	21
4	79	70	69	1	15
4	80	72	71	2	15
4	81	72	71	1	12
4	82	72	71	2	9
4	83	74	73	1	13
4	84	74	73	2	17
4	85	76	75	2	24
4	86	76	75	1	21
4	87	76	75	2	18
4	88	76	75	1	14
5	89	0	0	1	73
5	90	0	0	2	75
5	91	0	0	2	46
5	92	89	90	1	43
5	93	89	90	2	40
5	94	0	0	1	46
5	95	89	90	2	40
5	96	0	0	1	43
5	97	89	90	2	47
5	98	0	0	1	51
5	99	92	91	2	18
5	100	92	91	1	21
5	101	92	91	1	15
5	102	94	93	2	15
5	103	94	93	1	12
5	104	94	93	2	9
5	105	96	95	1	13
5	106	96	95	2	17
5	107	98	97	2	24
5	108	98	97	1	21
5	109	98	97	2	18
5	110	98	97	1	14
6	111	0	0	1	73
6	112	0	0	2	75
6	113	0	0	2	46
6	114	111	112	1	43
6	115	111	112	2	40
6	116	0	0	1	46
6	117	111	112	2	40
6	118	0	0	1	43
6	119	111	112	2	47
6	120	0	0	1	51
6	121	114	113	2	18
6	122	114	113	1	21
6	123	114	113	1	15
6	124	116	115	2	15
6	125	116	115	1	12
6	126	116	115	2	9
6	127	118	117	1	13
6	128	118	117	2	17
6	129	120	119	2	24
6	130	120	119	1	21
6	131	120	119	2	18
6	132	120	119	1	14
7	133	0	0	1	73
7	134	0	0	2	75
7	135	0	0	2	46
7	136	133	134	1	43
7	137	133	134	2	40
7	138	0	0	1	46
7	139	133	134	2	40
7	140	0	0	1	43
7	141	133	134	2	47
7	142	0	0	1	51
7	143	136	135	2	18
7	144	136	135	1	21
7	145	136	135	1	15
7	146	138	137	2	15
7	147	138	137	1	12
7	148	138	137	2	9
7	149	140	139	1	13
7	150	140	139	2	17
7	151	142	141	2	24
7	152	142	141	1	21
7	153	142	141	2	18
7	154	142	141	1	14
8	155	0	0	1	73
8	156	0	0	2	75
8	157	0	0	2	46
8	158	155	156	1	43
8	159	155	156	2	40
8	160	0	0	1	46
8	161	155	156	2	40
8	162	0	0	1	43
8	163	155	156	2	47
8	164	0	0	1	51
8	165	158	157	2	18
8	166	158	157	1	21
8	167	158	157	1	15
8	168	160	159	2	15
8	169	160	159	1	12
8	170	160	159	2	9
8	171	162	161	1	13
8	172	162	161	2	17
8	173	164	163	2	24
8	174	164	163	1	21
8	175	164	163	2	18
8	176	164	163	1	14
9	177	0	0	1	73
9	178	0	0	2	75
9	179	0	0	2	46
9	180	177	178	1	43
9	181	177	178	2	40
9	182	0	0	1	46
9	183	177	178	2	40
9	184	0	0	1	43
9	185	177	178	2	47
9	186	0	0	1	51
9	187	180	179	2	18
9	188	180	179	1	21
9	189	180	179	1	15
9	190	182	181	2	15
9	191	182	181	1	12
9	192	182	181	2	9
9	193	184	183	1	13
9	194	184	183	2	17
9	195	186	185	2	24
9	196	186	185	1	21
9	197	186	185	2	18
9	198	186	185	1	14
10	199	0	0	1	73
10	200	0	0	2	75
10	201	0	0	2	46
10	202	199	200	1	43
10	203	199	200	2	40
10	204	0	0	1	46
10	205	199	200	2	40
10	206	0	0	1	43
10	207	199	200	2	47
10	208	0	0	1	51
10	209	202	201	2	18
10	210	202	201	1	21
10	211	202	201	1	15
10	212	204	203	2	15
10	213	204	203	1	12
10	214	204	203	2	9
10	215	206	205	1	13
10	216	206	205	2	17
10	217	208	207	2	24
10	218	208	207	1	21
10	219	208	207	2	18
10	220	208	207	1	14
11	221	0	0	1	73
11	222	0	0	2	75
11	223	0	0	2	46
11	224	221	222	1	43
11	225	221	222	2	40
11	226	0	0	1	46
11	227	221	222	2	40
11	228	0	0	1	43
11	229	221	222	2	47
11	230	0	0	1	51
11	231	224	223	2	18
11	232	224	223	1	21
11	233	224	223	1	15
11	234	226	225	2	15
11	235	226	225	1	12
11	236	226	225	2	9
11	237	228	227	1	13
11	238	228	227	2	17
11	239	230	229	2	24
11	240	230	229	1	21
11	241	230	229	2	18
11	242	230	229	1	14
12	243	0	0	1	73
12	244	0	0	2	75
12	245	0	0	2	46
12	246	243	244	1	43
12	247	243	244	2	40
12	248	0	0	1	46
12	249	243	244	2	40
12	250	0	0	1	43
12	251	243	244	2	47
12	252	0	0	1	51
12	253	246	245	2	18
12	254	246	245	1	21
12	255	246	245	1	15
12	256	248	247	2	15
12	257	248	247	1	12
12	258	248	247	2	9
12	259	250	249	1	13
12	260	250	249	2	17
12	261	252	251	2	24
12	262	252	251	1	21
12	263	252	251	2	18
12	264	252	251	1	14
13	265	0	0	1	73
13	266	0	0	2	75
13	267	0	0	2	46
13	268	265	266	1	43
13	269	265	266	2	40
13	270	0	0	1	46
13	271	265	266	2	40
13	272	0	0	1	43
13	273	265	266	2	47
13	274	0	0	1	51
13	275	268	267	2	18
13	276	268	267	1	21
13	277	268	267	1	15
13	278	270	269	2	15
13	279	270	269	1	12
13	280	270	269	2	9
13	281	272	271	1	13
13	282	272	271	2	17
13	283	274	273	2	24
13	284	274	273	1	21
13	285	274	273	2	18
13	286	274	273	1	14
14	287	0	0	1	73
14	288	0	0	2	75
14	289	0	0	2	46
14	290	287	288	1	43
14	291	287	288	2	40
14	292	0	0	1	46
14	293	287	288	2	40
14	294	0	0	1	43
14	295	287	288	2	47
14	296	0	0	1	51
14	297	290	289	2	18
14	298	290	289	1	21
14	299	290	289	1	15
14	300	292	291	2	15
14	301	292	291	1	12
14	302	292	291	2	9
14	303	294	293	1	13
14	304	294	293	2	17
14	305	296	295	2	24
14	306	296	295	1	21
14	307	296	295	2	18
14	308	296	295	1	14
15	309	0	0	1	73
15	310	0	0	2	75
15	311	0	0	2	46
15	312	309	310	1	43
15	313	309	310	2	40
15	314	0	0	1	46
15	315	309	310	2	40
15	316	0	0	1	43
15	317	309	310	2	47
15	318	0	0	1	51
15	319	312	311	2	18
15	320	312	311	1	21
15	321	312	311	1	15
15	322	314	313	2	15
15	323	314	313	1	12
15	324	314	313	2	9
15	325	316	315	1	13
15	326	316	315	2	17
15	327	318	317	2	24
15	328	318	317	1	21
15	329	318	317	2	18
15	330	318	317	1	14
16	331	0	0	1	73
16	332	0	0	2	75
16	333	0	0	2	46
16	334	331	332	1	43
16	335	331	332	2	40
16	336	0	0	1	46
16	337	331	332	2	40
16	338	0	0	1	43
16	339	331	332	2	47
16	340	0	0	1	51
16	341	334	333	2	18
16	342	334	333	1	21
16	343	334	333	1	15
16	344	336	335	2	15
16	345	336	335	1	12
16	346	336	335	2	9
16	347	338	337	1	13
16	348	338	337	2	17
16	349	340	339	2	24
16	350	340	339	1	21
16	351	340	339	2	18
16	352	340	339	1	14
17	353	0	0	1	73
17	354	0	0	2	75
17	355	0	0	2	46
17	356	353	354	1	43
17	357	353	354	2	40
17	358	0	0	1	46
17	359	353	354	2	40
17	360	0	0	1	43
17	361	353	354	2	47
17	362	0	0	1	51
17	363	356	355	2	18
17	364	356	355	1	21
17	365	356	355	1	15
17	366	358	357	2	15
17	367	358	357	1	12
17	368	358	357	2	9
17	369	360	359	1	13
17	370	360	359	2	17
17	371	362	361	2	24
17	372	362	361	1	21
17	373	362	361	2	18
17	374	362	361	1	14
18	375	0	0	1	73
18	376	0	0	2	75
18	377	0	0	2	46
18	378	375	376	1	43
18	379	375	376	2	40
18	380	0	0	1	46
18	381	375	376	2	40
18	382	0	0	1	43
18	383	375	376	2	47
18	384	0	0	1	51
18	385	378	377	2	18
18	386	378	377	1	21
18	387	378	377	1	15
18	388	380	379	2	15
18	389	380	379	1	12
18	390	380	379	2	9
18	391	382	381	1	13
18	392	382	381	2	17
18	393	384	383	2	24
18	394	384	383	1	21
18	395	384	383	2	18
18	396	384	383	1	14
19	397	0	0	1	73
19	398	0	0	2	75
19	399	0	0	2	46
19	400	397	398	1	43
19	401	397	398	2	40
19	402	0	0	1	46
19	403	397	398	2	40
19	404	0	0	1	43
19	405	397	398	2	47
19	406	0	0	1	51
19	407	400	399	2	18
19	408	400	399	1	21
19	409	400	399	1	15
19	410	402	401	2	15
19	411	402	401	1	12
19	412	402	401	2	9
19	413	404	403	1	13
19	414	404	403	2	17
19	415	406	405	2	24
19	416	406	405	1	21
19	417	406	405	2	18
19	418	406	405	1	14
20	419	0	0	1	73
20	420	0	0	2	75
20	421	0	0	2	46
20	422	419	420	1	43
20	423	419	420	2	40
20	424	0	0	1	46
20	425	419	420	2	40
20	426	0	0	1	43
20	427	419	420	2	47
20	428	0	0	1	51
20	429	422	421	2	18
20	430	422	421	1	21
20	431	422	421	1	15
20	432	424	423	2	15
20	433	424	423	1	12
20	434	424	423	2	9
20	435	426	425	1	13
20	436	426	425	2	17
20	437	428	427	2	24
20	438	428	427	1	21
20	439	428	427	2	18
20	440	428	427	1	14
21	441	0	0	1	73
21	442	0	0	2	75
21	443	0	0	2	46
21	444	441	442	1	43
21	445	441	442	2	40
21	446	0	0	1	46
21	447	441	442	2	40
21	448	0	0	1	43
21	449	441	442	2	47
21	450	0	0	1	51
21	451	444	443	2	18
21	452	444	443	1	21
21	453	444	443	1	15
21	454	446	445	2	15
21	455	446	445	1	12
21	456	446	445	2	9
21	457	448	447	1	13
21	458	448	447	2	17
21	459	450	449	2	24
21	460	450	449	1	21
21	461	450	449	2	18
21	462	450	449	1	14
22	463	0	0	1	73
22	464	0	0	2	75
22	465	0	0	2	46
22	466	463	464	1	43
22	467	463	464	2	40
22	468	0	0	1	46
22	469	463	464	2	40
22	470	0	0	1	43
22	471	463	464	2	47
22	472	0	0	1	51
22	473	466	465	2	18
22	474	466	465	1	21
22	475	466	465	1	15
22	476	468	467	2	15
22	477	468	467	1	12
22	478	468	467	2	9
22	479	470	469	1	13
22	480	470	469	2	17
22	481	472	471	2	24
22	482	472	471	1	21
22	483	472	471	2	18
22	484	472	471	1	14
23	485	0	0	1	73
23	486	0	0	2	75
23	487	0	0	2	46
23	488	485	486	1	43
23	489	485	486	2	40
23	490	0	0	1	46
23	491	485	486	2	40
23	492	0	0	1	43
23	493	485	486	2	47
23	494	0	0	1	51
23	495	488	487	2	18
23	496	488	487	1	21
23	497	488	487	1	15
23	498	490	489	2	15
23	499	490	489	1	12
23	500	490	489	2	9
23	501	492	491	1	13
23	502	492	491	2	17
23	503	494	493	2	24
23	504	494	493	1	21
23	505	494	493	2	18
23	506	494	493	1	14
24	507	0	0	1	73
24	508	0	0	2	75
24	509	0	0	2	46
24	510	507	508	1	43
24	511	507	508	2	40
24	512	0	0	1	46
24	513	507	508	2	40
24	514	0	0	1	43
24	515	507	508	2	47
24	516	0	0	1	51
24	517	510	509	2	18
24	518	510	509	1	21
24	519	510	509	1	15
24	520	512	511	2	15
24	521	512	511	1	12
24	522	512	511	2	9
24	523	514	513	1	13
24	524	514	513	2	17
24	525	516	515	2	24
24	526	516	515	1	21
24	527	516	515	2	18
24	528	516	515	1	14
25	529	0	0	1	73
25	530	0	0	2	75
25	531	0	0	2	46
25	532	529	530	1	43
25	533	529	530	2	40
25	534	0	0	1	46
25	535	529	530	2	40
25	536	0	0	1	43
25	537	529	530	2	47
25	538	0	0	1	51
25	539	532	531	2	18
25	540	532	531	1	21
25	541	532	531	1	15
25	542	534	533	2	15
25	543	534	533	1	12
25	544	534	533	2	9
25	545	536	535	1	13
25	546	536	535	2	17
25	547	538	537	2	24
25	548	538	537	1	21
25	549	538	537	2	18
25	550	538	537	1	14
26	551	0	0	1	73
26	552	0	0	2	75
26	553	0	0	2	46
26	554	551	552	1	43
26	555	551	552	2	40
26	556	0	0	1	46
26	557	551	552	2	40
26	558	0	0	1	43
26	559	551	552	2	47
26	560	0	0	1	51
26	561	554	553	2	18
26	562	554	553	1	21
26	563	554	553	1	15
26	564	556	555	2	15
26	565	556	555	1	12
26	566	556	555	2	9
26	567	558	557	1	13
26	568	558	557	2	17
26	569	560	559	2	24
26	570	560	559	1	21
26	571	560	559	2	18
26	572	560	559	1	14
27	573	0	0	1	73
27	574	0	0	2	75
27	575	0	0	2	46
27	576	573	574	1	43
27	577	573	574	2	40
27	578	0	0	1	46
27	579	573	574	2	40
27	580	0	0	1	43
27	581	573	574	2	47
27	582	0	0	1	51
27	583	576	575	2	18
27	584	576	575	1	21
27	585	576	575	1	15
27	586	578	577	2	15
27	587	578	577	1	12
27	588	578	577	2	9
27	589	580	579	1	13
27	590	580	579	2	17
27	591	582	581	2	24
27	592	582	581	1	21
27	593	582	581	2	18
27	594	582	581	1	14
28	595	0	0	1	73
28	596	0	0	2	75
28	597	0	0	2	46
28	598	595	596	1	43
28	599	595	596	2	40
28	600	0	0	1	46
28	601	595	596	2	40
28	602	0	0	1	43
28	603	595	596	2	47
28	604	0	0	1	51
28	605	598	597	2	18
28	606	598	597	1	21
28	607	598	597	1	15
28	608	600	599	2	15
28	609	600	599	1	12
28	610	600	599	2	9
28	611	602	601	1	13
28	612	602	601	2	17
28	613	604	603	2	24
28	614	604	603	1	21
28	615	604	603	2	18
28	616	604	603	1	14
29	617	0	0	1	73
29	618	0	0	2	75
29	619	0	0	2	46
29	620	617	618	1	43
29	621	617	618	2	40
29	622	0	0	1	46
29	623	617	618	2	40
29	624	0	0	1	43
29	625	617	618	2	47
29	626	0	0	1	51
29	627	620	619	2	18
29	628	620	619	1	21
29	629	620	619	1	15
29	630	622	621	2	15
29	631	622	621	1	12
29	632	622	621	2	9
29	633	624	623	1	13
29	634	624	623	2	17
29	635	626	625	2	24
29	636	626	625	1	21
29	637	626	625	2	18
29	638	626	625	1	14
30	639	0	0	1	73
30	640	0	0	2	75
30	641	0	0	2	46
30	642	639	640	1	43
30	643	639	640	2	40
30	644	0	0	1	46
30	645	639	640	2	40
30	646	0	0	1	43
30	647	639	640	2	47
30	648	0	0	1	51
30	649	642	641	2	18
30	650	642	641	1	21
30	651	642	641	1	15
30	652	644	643	2	15
30	653	644	643	1	12
30	654	644	643	2	9
30	655	646	645	1	13
30	656	646	645	2	17
30	657	648	647	2	24
30	658	648	647	1	21
30	659	648	647	2	18
30	660	648	647	1	14
31	661	0	0	1	73
31	662	0	0	2	75
31	663	0	0	2	46
31	664	661	662	1	43
31	665	661	662	2	40
31	666	0	0	1	46
31	667	661	662	2	40
31	668	0	0	1	43
31	669	661	662	2	47
31	670	0	0	1	51
31	671	664	663	2	18
31	672	664	663	1	21
31	673	664	663	1	15
31	674	666	665	2	15
31	675	666	665	1	12
31	676	666	665	2	9
31	677	668	667	1	13
31	678	668	667	2	17
31	679	670	669	2	24
31	680	670	669	1	21
31	681	670	669	2	18
31	682	670	669	1	14
32	683	0	0	1	73
32	684	0	0	2	75
32	685	0	0	2	46
32	686	683	684	1	43
32	687	683	684	2	40
32	688	0	0	1	46
32	689	683	684	2	40
32	690	0	0	1	43
32	691	683	684	2	47
32	692	0	0	1	51
32	693	686	685	2	18
32	694	686	685	1	21
32	695	686	685	1	15
32	696	688	687	2	15
32	697	688	687	1	12
32	698	688	687	2	9
32	699	690	689	1	13
32	700	690	689	2	17
32	701	692	691	2	24
32	702	692	691	1	21
32	703	692	691	2	18
32	704	692	691	1	14
33	705	0	0	1	73
33	706	0	0	2	75
33	707	0	0	2	46
33	708	705	706	1	43
33	709	705	706	2	40
33	710	0	0	1	46
33	711	705	706	2	40
33	712	0	0	1	43
33	713	705	706	2	47
33	714	0	0	1	51
33	715	708	707	2	18
33	716	708	707	1	21
33	717	708	707	1	15
33	718	710	709	2	15
33	719	710	709	1	12
33	720	710	709	2	9
33	721	712	711	1	13
33	722	712	711	2	17
33	723	714	713	2	24
33	724	714	713	1	21
33	725	714	713	2	18
33	726	714	713	1	14
34	727	0	0	1	73
34	728	0	0	2	75
34	729	0	0	2	46
34	730	727	728	1	43
34	731	727	728	2	40
34	732	0	0	1	46
34	733	727	728	2	40
34	734	0	0	1	43
34	735	727	728	2	47
34	736	0	0	1	51
34	737	730	729	2	18
34	738	730	729	1	21
34	739	730	729	1	15
34	740	732	731	2	15
34	741	732	731	1	12
34	742	732	731	2	9
34	743	734	733	1	13
34	744	734	733	2	17
34	745	736	735	2	24
34	746	736	735	1	21
34	747	736	735	2	18
34	748	736	735	1	14
35	749	0	0	1	73
35	750	0	0	2	75
35	751	0	0	2	46
35	752	749	750	1	43
35	753	749	750	2	40
35	754	0	0	1	46
35	755	749	750	2	40
35	756	0	0	1	43
35	757	749	750	2	47
35	758	0	0	1	51
35	759	752	751	2	18
35	760	752	751	1	21
35	761	752	751	1	15
35	762	754	753	2	15
35	763	754	753	1	12
35	764	754	753	2	9
35	765	756	755	1	13
35	766	756	755	2	17
35	767	758	757	2	24
35	768	758	757	1	21
35	769	758	757	2	18
35	770	758	757	1	14
36	771	0	0	1	73
36	772	0	0	2	75
36	773	0	0	2	46
36	774	771	772	1	43
36	775	771	772	2	40
36	776	0	0	1	46
36	777	771	772	2	40
36	778	0	0	1	43
36	779	771	772	2	47
36	780	0	0	1	51
36	781	774	773	2	18
36	782	774	773	1	21
36	783	774	773	1	15
36	784	776	775	2	15
36	785	776	775	1	12
36	786	776	775	2	9
36	787	778	777	1	13
36	788	778	777	2	17
36	789	780	779	2	24
36	790	780	779	1	21
36	791	780	779	2	18
36	792	780	779	1	14
37	793	0	0	1	73
37	794	0	0	2	75
37	795	0	0	2	46
37	796	793	794	1	43
37	797	793	794	2	40
37	798	0	0	1	46
37	799	793	794	2	40
37	800	0	0	1	43
37	801	793	794	2	47
37	802	0	0	1	51
37	803	796	795	2	18
37	804	796	795	1	21
37	805	796	795	1	15
37	806	798	797	2	15
37	807	798	797	1	12
37	808	798	797	2	9
37	809	800	799	1	13
37	810	800	799	2	17
37	811	802	801	2	24
37	812	802	801	1	21
37	813	802	801	2	18
37	814	802	801	1	14
38	815	0	0	1	73
38	816	0	0	2	75
38	817	0	0	2	46
38	818	815	816	1	43
38	819	815	816	2	40
38	820	0	0	1	46
38	821	815	816	2	40
38	822	0	0	1	43
38	823	815	816	2	47
38	824	0	0	1	51
38	825	818	817	2	18
38	826	818	817	1	21
38	827	818	817	1	15
38	828	820	819	2	15
38	829	820	819	1	12
38	830	820	819	2	9
38	831	822	821	1	13
38	832	822	821	2	17
38	833	824	823	2	24
38	834	824	823	1	21
38	835	824	823	2	18
38	836	824	823	1	14
39	837	0	0	1	73
39	838	0	0	2	75
39	839	0	0	2	46
39	840	837	838	1	43
39	841	837	838	2	40
39	842	0	0	1	46
39	843	837	838	2	40
39	844	0	0	1	43
39	845	837	838	2	47
39	846	0	0	1	51
39	847	840	839	2	18
39	848	840	839	1	21
39	849	840	839	1	15
39	850	842	841	2	15
39	851	842	841	1	12
39	852	842	841	2	9
39	853	844	843	1	13
39	854	844	843	2	17
39	855	846	845	2	24
39	856	846	845	1	21
39	857	846	845	2	18
39	858	846	845	1	14
40	859	0	0	1	73
40	860	0	0	2	75
40	861	0	0	2	46
40	862	859	860	1	43
40	863	859	860	2	40
40	864	0	0	1	46
40	865	859	860	2	40
40	866	0	0	1	43
40	867	859	860	2	47
40	868	0	0	1	51
40	869	862	861	2	18
40	870	862	861	1	21
40	871	862	861	1	15
40	872	864	863	2	15
40	873	864	863	1	12
40	874	864	863	2	9
40	875	866	865	1	13
40	876	866	865	2	17
40	877	868	867	2	24
40	878	868	867	1	21
40	879	868	867	2	18
40	880	868	867	1	14
41	881	0	0	1	73
41	882	0	0	2	75
41	883	0	0	2	46
41	884	881	882	1	43
41	885	881	882	2	40
41	886	0	0	1	46
41	887	881	882	2	40
41	888	0	0	1	43
41	889	881	882	2	47
41	890	0	0	1	51
41	891	884	883	2	18
41	892	884	883	1	21
41	893	884	883	1	15
41	894	886	885	2	15
41	895	886	885	1	12
41	896	886	885	2	9
41	897	888	887	1	13
41	898	888	887	2	17
41	899	890	889	2	24
41	900	890	889	1	21
41	901	890	889	2	18
41	902	890	889	1	14
42	903	0	0	1	73
42	904	0	0	2	75
42	905	0	0	2	46
42	906	903	904	1	43
42	907	903	904	2	40
42	908	0	0	1	46
42	909	903	904	2	40
42	910	0	0	1	43
42	911	903	904	2	47
42	912	0	0	1	51
42	913	906	905	2	18
42	914	906	905	1	21
42	915	906	905	1	15
42	916	908	907	2	15
42	917	908	907	1	12
42	918	908	907	2	9
42	919	910	909	1	13
42	920	910	909	2	17
42	921	912	911	2	24
42	922	912	911	1	21
42	923	912	911	2	18
42	924	912	911	1	14
43	925	0	0	1	73
43	926	0	0	2	75
43	927	0	0	2	46
43	928	925	926	1	43
43	929	925	926	2	40
43	930	0	0	1	46
43	931	925	926	2	40
43	932	0	0	1	43
43	933	925	926	2	47
43	934	0	0	1	51
43	935	928	927	2	18
43	936	928	927	1	21
43	937	928	927	1	15
43	938	930	929	2	15
43	939	930	929	1	12
43	940	930	929	2	9
43	941	932	931	1	13
43	942	932	931	2	17
43	943	934	933	2	24
43	944	934	933	1	21
43	945	934	933	2	18
43	946	934	933	1	14
44	947	0	0	1	73
44	948	0	0	2	75
44	949	0	0	2	46
44	950	947	948	1	43
44	951	947	948	2	40
44	952	0	0	1	46
44	953	947	948	2	40
44	954	0	0	1	43
44	955	947	948	2	47
44	956	0	0	1	51
44	957	950	949	2	18
44	958	950	949	1	21
44	959	950	949	1	15
44	960	952	951	2	15
44	961	952	951	1	12
44	962	952	951	2	9
44	963	954	953	1	13
44	964	954	953	2	17
44	965	956	955	2	24
44	966	956	955	1	21
44	967	956	955	2	18
44	968	956	955	1	14
45	969	0	0	1	73
45	970	0	0	2	75
45	971	0	0	2	46
45	972	969	970	1	43
45	973	969	970	2	40
45	974	0	0	1	46
45	975	969	970	2	40
45	976	0	0	1	43
45	977	969	970	2	47
45	978	0	0	1	51
45	979	972	971	2	18
45	980	972	971	1	21
45	981	972	971	1	15
45	982	974	973	2	15
45	983	974	973	1	12
45	984	974	973	2	9
45	985	976	975	1	13
45	986	976	975	2	17
45	987	978	977	2	24
45	988	978	977	1	21
45	989	978	977	2	18
45	990	978	977	1	14
