-3.450437 0.463833 0.054266
-2.724253 0.346661 0.044860
-3.308292 0.572624 0.050054
-3.018434 0.391130 0.048786
-2.865473 0.339066 0.047969
-3.332988 0.787488 0.043785
-3.067779 0.395316 0.051256
-3.084258 0.435913 0.048711
-3.070049 0.586155 0.040586
-2.804897 0.454441 0.044424
-3.046339 0.552988 0.043657
-2.807594 0.215111 0.049433
-3.023583 0.549041 0.045020
-2.526666 0.179239 0.046475
-3.375861 0.637906 0.047540
-3.251831 0.710183 0.043053
-3.352511 0.606363 0.049042
-3.139101 0.411752 0.052078
-3.291518 0.676627 0.050665
-3.365982 0.656185 0.045842
-2.227158 0.239158 0.034122
-3.269193 0.424816 0.052570
-2.955694 0.246412 0.054479
-2.725223 0.355971 0.046772
-2.816033 0.410764 0.043772
-3.237320 0.670139 0.047813
-3.394544 0.638733 0.049294
-3.340816 0.473258 0.050557
-2.830549 0.248767 0.053876
-3.487390 0.607358 0.049231
