-1.799088 0.251322 0.018179
-1.519928 0.169216 0.013328
-1.688929 0.244285 0.017243
-1.774735 0.148275 0.020730
-1.421934 -0.042482 0.019253
-1.485657 0.055195 0.016540
-1.754139 0.292287 0.012969
-1.341315 0.005919 0.016905
-1.727839 0.277895 0.014450
-1.629717 0.087204 0.018323
-1.453469 0.130248 0.013106
-1.493545 0.195573 0.012067
-1.887753 0.331208 0.020188
-1.617471 0.140597 0.021593
-1.143971 0.059296 0.008024
-1.373291 0.099326 0.014248
-1.546093 0.256606 0.013274
-1.181210 -0.025899 0.010829
-1.181578 -0.005425 0.012519
-1.537611 0.176946 0.015080
-1.265706 -0.006015 0.011876
-1.736367 0.287853 0.014107
-1.754269 0.211017 0.014095
-1.549357 0.104459 0.016084
-1.702025 0.282150 0.015355
-2.086737 0.275367 0.023573
-2.122781 0.403188 0.018213
-1.456350 -0.062131 0.020817
-1.719799 0.253121 0.013725
-1.604050 0.153625 0.015360
