-3.001096 0.389970 0.047409
-2.955426 0.404075 0.049267
-3.240077 0.608695 0.050159
-2.946310 0.306793 0.053868
-3.356798 0.587903 0.050279
-2.657649 0.285082 0.048090
-3.006837 0.402545 0.044062
-2.324834 0.225908 0.036611
-3.012795 0.437645 0.050852
-2.693359 0.258044 0.046124
-2.986260 0.445600 0.045853
-2.935651 0.487433 0.042766
-3.157451 0.569321 0.042683
-3.034544 0.433075 0.044941
-2.915788 0.392621 0.044449
-3.143264 0.535182 0.047960
-3.197029 0.523781 0.047777
-3.264521 0.548986 0.049846
-3.095632 0.556174 0.048321
-2.787246 0.203323 0.048575
-2.505945 0.156763 0.041950
-2.686208 0.325079 0.043495
-2.426125 0.221884 0.041008
-3.219929 0.507180 0.049132
-3.399845 0.630916 0.048989
-3.145788 0.451079 0.050893
-3.350522 0.500986 0.055961
-3.591866 0.627635 0.052699
-2.903443 0.371335 0.046874
-3.497457 0.547014 0.055652
