-1.404047 -0.025410 0.015045
-1.489732 -0.023087 0.019218
-1.284358 0.153729 0.008245
-1.255265 -0.004051 0.015785
-1.216765 0.079131 0.008748
-1.865321 0.248298 0.018070
-1.143141 0.086137 0.008622
-1.731342 0.209891 0.019467
-1.538592 -0.038627 0.025336
-1.537701 0.142773 0.013738
-1.850447 0.310314 0.016465
-1.486036 0.194519 0.012462
-1.501620 0.200404 0.015335
-1.768765 0.089885 0.024264
-1.174840 -0.174540 0.016467
-1.706519 0.222124 0.015752
-1.305787 0.141352 0.013248
-0.790078 -0.244455 0.011018
-1.568969 0.085183 0.018955
-1.473421 0.149449 0.012835
-1.547863 0.085590 0.016001
-1.334975 -0.033736 0.016179
-1.780500 0.362957 0.012286
-1.802670 0.386068 0.013475
-1.984023 0.343120 0.019056
-1.054297 -0.142684 0.012533
-1.292541 -0.014155 0.015213
-1.549879 0.103188 0.018738
-1.376862 -0.003552 0.017376
-0.969115 -0.207442 0.010783
