-3.046034 0.488021 0.047255
-3.103451 0.456147 0.050584
-2.958412 0.327838 0.046657
-3.268020 0.576315 0.050494
-2.460375 0.115235 0.045802
-3.309429 0.428318 0.055159
-2.883178 0.250865 0.049868
-3.135484 0.515137 0.052394
-3.625622 0.698066 0.051102
-3.812136 0.585066 0.060719
-2.953089 0.326669 0.049394
-3.992423 0.757522 0.058515
-3.129465 0.430158 0.051653
-3.114695 0.467732 0.048040
-3.163489 0.608922 0.047163
-3.110478 0.447610 0.050047
-3.659196 0.736042 0.053958
-3.609516 0.664722 0.055835
-3.107474 0.339477 0.054122
-2.659205 0.226903 0.049127
-3.312010 0.646754 0.046930
-3.440203 0.596406 0.056135
-3.342035 0.639859 0.049814
-3.127412 0.459156 0.049237
-3.781426 0.679102 0.057553
-2.920998 0.284790 0.053459
-2.422967 0.134573 0.046053
-3.412462 0.498191 0.058990
-3.264685 0.596939 0.046357
-3.276902 0.586601 0.050138
-2.715920 0.190171 0.051075
-3.161623 0.463231 0.048756
-3.275001 0.576994 0.050980
-3.130264 0.361846 0.050911
-2.933726 0.457649 0.048780
-3.424653 0.642404 0.049981
-3.103726 0.484282 0.049840
-3.380969 0.636036 0.050296
-2.785537 0.313418 0.046813
-3.439684 0.753194 0.045561
-2.794677 0.490918 0.040111
-3.207270 0.597234 0.047065
-2.826524 0.345774 0.050776
-3.378853 0.561585 0.053161
-2.943351 0.335954 0.047941
-2.954848 0.404237 0.047995
